394222
222232
77777
24221
:x


394222
222232
77777
24221
:x


394222
222232
77777
24221
:x


394222
222232
77777
24221
:x


394222
222232
77777
24221
:x


394222
222232
77777
24221
:x


394222
222232
77777
24221
:x


394222
222232
77777
24221
:x


394222
222232
77777
24221
:x


394222
222232
77777
24221
:x


394222
222232
77777
24221
:x


394222
222232
77777
24221
:x


394222
222232
77777
24221
:x


394222
222232
77777
24221
:x


394222
222232
77777
24221
:x


394222
222232
77777
24221
:x


394222
222232
77777
24221
:x


394222
222232
77777
24221
:x


394222
222232
77777
24221
:x


394222
222232
77777
24221
:x


394222
222232
77777
24221
:x


394222
222232
77777
24221
:x


394222
222232
77777
24221
:x


394222
222232
77777
24221
:x


394222
222232
77777
24221
:x


394222
222232
77777
24221
:x


394222
222232
77777
24221
:x


394222
222232
77777
24221
:x


394222
222232
77777
24221
:x


394222
222232
77777
24221
:x


394222
222232
77777
24221
:x


A
:x


c

D
B

